--------------------Lab3.1-----------------
0
1
2
3
4
5
6
7
8
9
--------------------Lab3.2-----------------
5
6
7
8
9
--------------------Lab3.3-----------------
5
6
7
--------------------Lab3.4-----------------
0
1
2
3
4
5
6
7
8
9
--------------------Lab3.5-----------------
1
2
3
4
5
6
7
8
9
10
--------------------Lab3.6-----------------
01234
--------------------Lab3.7-----------------
0 0
12 2
34 4
--------------------Lab3.8-----------------
0
2
4
6
8
--------------------Lab3.9-----------------
1
3
5
7
9
--------------------Lab3.10----------------
***
--------------------Lab3.11----------------
***
***
***
--------------------Lab3.12----------------
***
**
*
--------------------Lab3.13----------------
*
**
***